1789216282 190 2
1789216287 189 2
1789216292 189 1
1789216297 189 1
1789216302 189 1
1789216307 191 1
1789216312 189 1
1789216317 192 1
1789216322 190 1
1789216327 189 1
1789216332 192 1
1789216337 188 1
1789216342 189 0
1789216347 190 0
1789216352 192 0
1789216357 193 0
1789216362 190 0
1789216367 196 0
1789216372 191 0
1789216378 190 0
1789216383 192 0
1789216388 190 0
1789216393 191 0
1789216398 190 0
1789216403 192 0
1789216408 193 0
1789216413 195 0
1789216418 193 0
1789216423 195 0
1789216428 197 0
1789216433 197 0
1789216438 196 0
1789216443 191 0
1789216448 191 0
1789216453 191 0
1789216458 196 0
1789216463 193 0
1789216468 196 0
1789216473 194 0
1789216478 194 0
1789216483 193 0
1789216488 197 0
1789216493 195 0
1789216498 194 0
1789216504 193 0
1789216509 192 0
1789216514 195 0
1789216519 193 0
1789216524 193 0
1789216529 192 0
1789216534 195 0
1789216539 194 0
1789216544 194 0
1789216549 193 0
1789216554 195 0
1789216559 193 0
1789216564 195 0
1789216569 193 0
1789216574 193 0
1789216579 193 0
1789216584 195 1
1789216589 193 1
1789216594 194 1
1789216599 197 1
1789216604 196 1
1789216609 195 1
1789216614 194 1
1789216619 194 1
1789216624 194 1
1789216629 196 1
1789216634 196 2
1789216639 194 2
1789216645 195 1
1789216650 192 1
1789216655 192 1
1789216660 193 1
1789216665 194 0
1789216670 195 0
1789216675 192 0
1789216680 193 0
1789216685 191 0
1789216690 192 0
1789216695 192 0
1789216700 192 0
1789216705 192 0
1789216710 193 0
1789216715 193 0
1789216720 193 0
1789216725 195 0
1789216730 193 0
1789216735 192 0
1789216740 192 0
1789216745 193 0
1789216750 193 0
1789216755 190 0
1789216760 194 0
1789216765 189 0
1789216770 189 0
1789216775 193 0
1789216780 191 0
1789216786 192 0
1789216791 194 0
1789216796 193 0
1789216801 195 0
1789216806 196 0
1789216811 196 0
1789216816 191 0
1789216821 193 0
1789216826 191 0
1789216831 191 0
1789216836 189 0
1789216841 190 0
1789216846 190 0
1789216851 190 0
1789216856 193 0
1789216861 190 0
1789216866 192 0
1789216871 192 0
1789216876 194 0
1789216881 193 0
1789216886 193 0
1789216891 193 0
1789216896 195 0
1789216901 194 0
1789216906 193 0
1789216911 193 0
1789216916 191 0
1789216922 191 0
1789216927 191 0
1789216932 193 0
1789216937 191 0
1789216942 193 1
1789216947 196 1
1789216952 194 1
1789216957 193 1
1789216962 193 1
1789216967 194 1
1789216972 192 0
1789216977 192 0
1789216982 192 0
1789216987 192 0
1789216992 195 0
1789216997 192 0
1789217002 195 0
1789217007 194 0
1789217012 195 0
1789217017 192 0
1789217022 190 0
1789217027 190 0
1789217032 191 0
1789217037 191 0
1789217042 190 0
1789217047 190 0
1789217052 190 0
1789217057 190 0
1789217062 188 0
1789217067 188 0
1789217072 188 0
1789217077 188 0
1789217082 188 0
1789217088 188 0
1789217093 188 0
1789217098 190 0
1789217103 194 0
1789217108 200 1
1789217113 203 1
1789217118 206 1
1789217123 192 1
1789217128 190 1
1789217133 190 1
1789217138 190 0
1789217143 190 0
1789217148 190 0
1789217153 187 0
1789217158 188 0
1789217163 188 0
1789217168 188 0
1789217173 190 0
1789217178 189 0
1789217183 189 0
1789217188 188 0
1789217193 188 0
1789217198 190 0
1789217203 191 0
1789217208 190 0
1789217213 193 0
1789217218 191 0
1789217223 194 0
1789217228 190 0
1789217233 191 0
1789217238 191 0
1789217243 191 0
1789217248 191 0
1789217253 190 0
